[57, 61, 51, 53, 50, 42, 50, 51, 41, 41]
[65, 50, 42, 49, 50, 41, 42, 42, 50, 50]
[54, 91, 41, 58, 56, 51, 66, 66, 82, 53]
[47, 53, 50, 64, 42, 66, 39, 104, 42, 42, 43, 52, 43, 42, 43, 42, 42, 60, 59, 77, 62, 77, 42, 57, 42, 42, 42, 42, 67, 67, 42, 62, 42, 51, 91, 66, 52, 43, 42, 53, 43, 58, 72, 65, 52, 101, 42, 52, 54, 86, 42, 42, 78, 91, 43, 42, 68, 64, 44, 58, 42, 42, 42, 42, 75, 42, 42, 94, 42, 42, 48, 71, 69, 42, 42, 49, 58, 54, 69, 52, 61, 43, 71, 42, 56, 42, 75, 42, 42, 49, 87, 42, 42, 51, 42, 58, 42, 49, 59, 42, 66, 42, 42, 74, 42, 67, 50, 79, 66, 100, 60, 60, 42, 42, 51, 42, 50, 50, 64, 56, 42, 53, 85, 54, 59, 49, 42, 65, 69, 88, 51, 92, 62, 62, 42, 57, 57, 68, 52, 52, 51, 79, 81, 49, 110, 52, 89, 50, 52, 85, 94, 42, 50, 65, 42, 61, 121, 55, 52, 62, 42, 50, 89, 77, 50, 85, 97, 57, 85, 42, 77, 81, 64, 43, 42, 76, 184, 88, 56, 59, 51, 76, 59, 53, 95, 63, 58, 51, 60, 91, 86, 116, 64, 58, 60, 85, 51, 98, 88, 87, 58, 48, 42, 150, 65, 66, 69, 68, 58, 50, 82, 87, 66, 76, 61, 60, 85, 42, 98, 124, 77, 104, 52, 98, 79, 56, 74, 42, 97, 134, 115, 145, 102, 89, 58, 68, 53, 88, 51, 42, 120, 42, 154, 83, 58, 80, 93, 160, 48, 82, 70, 82, 50, 56, 70, 95, 62, 67, 52, 85, 93, 49, 136, 126, 71, 57, 125, 50, 134, 74, 57, 83, 58, 42, 141, 66, 142, 51, 129, 60, 125, 89, 59, 132, 154, 111, 102, 78, 100, 58, 50, 48, 110, 121, 122, 119, 166, 67, 108, 121, 62, 81, 149, 55, 49, 65, 60, 42, 81, 51, 48, 117, 89, 110, 96, 100, 115, 196, 106, 86, 87, 124, 127, 186, 155, 52, 119, 49, 96, 73, 80, 52, 137, 68, 93, 90, 82, 78, 104, 84, 104, 54, 170, 102, 84, 80, 62, 143, 42, 42, 74, 107, 93, 117, 71, 91, 151, 74, 58, 118, 134, 67, 128, 79, 114, 131, 131, 102, 139, 136, 52, 63, 96, 103, 100, 101, 160, 149, 119, 49, 89, 90, 135, 122, 91, 186, 130, 106, 135, 99, 139, 163, 152, 88, 124, 170, 112, 80, 104, 83, 79, 110, 57, 102, 52, 157, 115, 104, 138, 146, 107, 89, 80, 77, 134, 81, 42, 145, 86, 91, 150, 74, 139, 141, 130, 99, 83, 89, 208, 78, 94, 105, 80, 136, 86, 137, 140, 147, 176, 83, 138, 146, 149, 115, 155, 83, 102, 175, 81, 125, 43, 125, 197, 86, 147, 74, 61, 186, 180, 51, 96, 192, 168, 165, 191, 225, 159, 156, 127, 199, 158, 168, 172, 91, 44, 93, 206, 169, 177, 214, 154, 42, 260, 153, 42, 58, 42, 53, 48, 49, 48, 95, 49, 106, 63, 42, 74, 194, 90, 42, 156, 177, 172, 95, 215, 176, 66, 267, 125, 177, 153, 178, 176, 174, 172, 168, 163, 166, 177, 156, 187, 190, 229, 62, 185, 175, 262, 183, 188, 172, 186, 173, 185, 172, 172, 157, 197, 143, 199, 171, 179, 73, 43, 144, 185, 201, 143, 172, 173, 171, 185, 182, 193, 185, 178, 172, 177, 219, 210, 269, 176, 152, 166, 193, 154, 208, 185, 58, 175, 205, 169, 186, 189, 166, 170, 197, 137, 180, 177, 246, 186, 168, 183, 174, 147, 187, 189, 169, 159, 180, 249, 172, 194, 177, 174, 172, 116, 185, 230, 168, 189, 185, 175, 181, 173, 160, 186, 175, 173, 197, 203, 219, 198, 217, 190, 88, 199, 185, 162, 179, 166, 166, 169, 166, 171, 202, 184, 236, 214, 170, 169, 176, 108, 221, 255, 180, 152, 219, 236, 179, 185, 195, 183, 195, 100, 56, 85, 107, 105, 178, 318, 177, 43, 170, 97, 104, 233, 139, 265, 201, 224, 54, 64, 112, 173, 203, 257, 191, 217, 248, 138, 187, 192, 180, 286, 231, 59, 189, 301, 240, 196, 248, 215, 324, 285, 226, 176, 210, 230, 200, 174, 243, 255, 166, 193, 170, 216, 193, 233, 185, 185, 307, 88, 43, 95, 266, 188, 171, 187, 173, 137, 42, 42, 43, 41, 53, 179, 196, 170, 157, 92, 160, 41, 61, 40, 71, 49, 55, 70, 146, 73, 142, 196, 200, 130, 175, 224, 114, 203, 180, 204, 185, 51, 170, 167, 181, 184, 206, 212, 194, 194, 40, 184, 218, 167, 177, 238, 111, 48, 167, 185, 186, 171, 206, 162, 41, 100, 120, 179, 178, 147, 185, 78, 120, 168, 80, 42, 234, 93, 179, 215, 196, 139, 184, 184, 226, 233, 304, 170, 222, 331, 192, 165, 165, 284, 184, 170, 304, 127, 168, 304, 198, 197, 56, 47, 66, 91, 145, 94, 41, 74, 87, 66, 82, 88, 78, 68, 201, 81, 191, 58, 141, 100, 155, 126, 40, 86, 95, 142, 59, 131, 82, 54, 86, 159, 72, 141, 80, 173, 193, 64, 99, 138, 89, 75, 47, 111, 151, 40, 98, 183, 172, 66, 175, 73, 117, 54, 88, 58, 96, 55, 168, 174, 54, 191, 120, 95, 170, 86, 91, 82, 62, 120, 162, 118, 141, 142, 96, 94, 133, 83, 144, 166, 174, 108, 166, 210, 185, 80, 192, 64, 145, 87, 57, 114, 39, 78, 176, 119, 41, 80, 49, 102, 181, 40, 56, 46, 72, 82, 144, 97, 147, 173, 98, 127, 127, 184, 95, 139, 40, 74, 162, 173, 105, 158, 186, 87, 183, 112, 167, 88, 48, 49, 40, 65, 146, 40, 73, 73, 47, 73, 83, 129, 92, 41, 110, 140, 127, 125, 53, 162, 148, 171, 113, 51, 186, 197, 121, 95, 86, 119, 170, 163, 41, 79, 46, 40, 55, 196, 131, 161, 147, 147, 105, 67, 94, 185, 118, 141, 63, 40, 66, 169, 177, 130, 170, 57, 153, 68, 176, 152, 76, 122, 228, 109, 180, 47, 180, 168, 187]
[46, 57, 41, 41, 41, 72, 72, 41, 57, 41]
[57, 70, 41, 67, 51, 58, 51, 41, 42, 122]
[97, 184, 78, 195, 41, 164, 179, 185, 199, 174]
[70, 47, 50, 65, 41, 49, 89, 78, 41, 63, 85, 72, 50, 41, 55, 54, 41, 41, 57, 41, 56, 59, 61, 41, 41, 41, 81, 41, 41, 49, 92, 51, 41, 70, 41, 67, 57, 49, 57, 58, 54, 51, 51, 41, 85, 41, 63, 87, 50, 76, 41, 41, 73, 53, 41, 41, 69, 49, 114, 97, 92, 41, 57, 52, 41, 63, 49, 62, 48, 69, 66, 75, 41, 99, 80, 53, 41, 104, 48, 65, 87, 68, 51, 47, 61, 74, 48, 41, 86, 58, 49, 59, 51, 76, 57, 70, 52, 89, 85, 41]
[69, 41, 84, 58, 61, 49, 50, 60, 67, 47, 50, 48, 72, 70, 41, 49, 63, 54, 81, 41, 106, 47, 56, 73, 72, 81, 41, 70, 41, 62, 47, 53, 41, 67, 52, 58, 76, 41, 77, 50, 49, 58, 41, 75, 66, 52, 90, 62, 57, 91, 91, 49, 86, 49, 50, 41, 56, 61, 48, 41, 115, 50, 87, 56, 63, 101, 52, 77, 48, 63, 58, 90, 43, 41, 68, 103, 49, 93, 51, 95, 62, 51, 90, 50, 51, 74, 65, 68, 53, 86, 64, 63, 81, 84, 83, 89, 99, 41, 51, 92]
[81, 67, 41, 60, 65, 89, 41, 75, 76, 61, 50, 49, 82, 41, 49, 93, 51, 58, 91, 87, 52, 60, 102, 48, 64, 58, 41, 110, 41, 87, 41, 57, 80, 129, 72, 65, 71, 41, 89, 41, 71, 56, 56, 52, 41, 80, 82, 89, 73, 63, 99, 53, 69, 41, 48, 104, 50, 81, 41, 41, 118, 102, 63, 75, 131, 80, 41, 82, 97, 82, 49, 72, 172, 62, 41, 62, 41, 132, 87, 57, 99, 85, 102, 51, 98, 52, 41, 41, 107, 99, 107, 78, 107, 87, 127, 103, 94, 51, 81, 49]
[57, 51, 66, 69, 60, 41, 41, 62, 41, 56, 41, 55, 41, 41, 53, 41, 41, 88, 41, 41, 41, 55, 41, 41, 41, 59, 50, 70, 80, 52, 56, 41, 77, 41, 41, 49, 41, 49, 41, 47, 54, 83, 41, 73, 41, 41, 59, 51, 53, 66, 105, 69, 41, 49, 60, 41, 59, 64, 41, 60, 49, 41, 49, 95, 85, 49, 59, 41, 96, 55, 55, 57, 57, 41, 41, 49, 51, 41, 67, 70, 41, 41, 47, 41, 61, 97, 41, 55, 48, 41, 58, 84, 41, 53, 95, 41, 66, 99, 41, 60]
[48, 41, 41, 54, 41, 98, 49, 41, 56, 47]
[68, 49, 85, 100, 169, 57, 66, 41, 45, 115, 86, 143, 58, 41, 72, 52, 142, 147, 104, 95, 111, 88, 93, 86, 65, 50, 51, 83, 176, 51, 56, 66, 68, 60, 85, 58, 88, 120, 83, 143, 59, 102, 42, 143, 83, 42, 154, 170, 60, 51]
[81, 176, 92, 100, 41, 95, 89, 41, 109, 96, 141, 130, 209, 90, 183, 132, 158, 141, 50, 91, 93, 136, 66, 176, 199, 48, 197, 194, 76, 67, 121, 190, 103, 194, 62, 77, 127, 49, 178, 123, 119, 83, 172, 152, 83, 79, 166, 168, 215, 50, 222, 120, 92, 51, 132, 153, 74, 83, 159, 114, 103, 62, 41, 55, 58, 114, 76, 41, 65, 41, 55, 96, 41, 88, 54, 41, 41, 65, 124, 85, 97, 51, 41, 90, 112, 60, 83, 101, 41, 107, 143, 106, 102, 101, 107, 167, 113, 65, 138, 150, 65, 199, 97, 91, 116, 111, 61, 155, 108, 110, 115, 171, 162, 126, 41, 189, 89, 62, 127, 179, 169, 165, 174, 172, 146, 158, 183, 96, 172, 185, 159, 217, 86, 193, 144, 177, 176, 177, 195, 176, 116, 180, 161, 74, 169, 163, 173, 144, 175, 106, 174, 166, 179, 176, 180, 171, 201, 69, 191, 199, 144, 184, 182, 169, 182, 175, 58, 172, 90, 106, 152, 134, 169, 164, 150, 66, 159, 177, 197, 202, 174, 176, 169, 171, 156, 158, 136, 146, 157, 205, 179, 174, 178, 188, 160, 156, 196, 177, 155, 153, 177, 188, 178, 183, 184, 268, 209, 149, 176, 177, 175, 144, 267, 190, 171, 50, 221, 191, 178, 148, 214, 183, 182, 168, 187, 201, 182, 194, 235, 196, 196, 166, 194, 162, 179, 173, 75, 169, 263, 205, 213, 144, 151, 184, 171, 214, 177, 171, 182, 172, 55, 184, 198, 172, 193, 172, 146, 172, 186, 186, 165, 167, 220, 166, 86, 257, 168, 49, 196, 174, 165, 175, 169, 182, 186, 191, 170, 184, 173, 221, 173, 181, 176, 182, 165, 156, 246, 198, 179, 187, 240, 191, 264, 165, 162, 164, 193, 206, 175, 235]
[98, 184, 74, 67, 91, 170, 219, 176, 182, 167, 186, 167, 176, 177, 184, 176, 189, 178, 199, 172, 242, 210, 173, 189, 223, 197, 178, 194, 259, 232, 207, 166, 176, 165, 234, 192, 265, 203, 154, 164, 180, 195, 220, 157, 213, 88, 218, 183, 163, 199, 230, 173, 199, 163, 183, 165, 251, 232, 57, 209, 245, 167, 181, 237, 221, 236, 241, 184, 171, 187, 178, 177, 204, 192, 182, 191, 200, 202, 202, 148, 237, 142, 150, 240, 239, 194, 190, 50, 177, 238, 231, 293, 223, 215, 193, 166, 60, 184, 175, 197, 195, 254, 272, 169, 161, 212, 217, 265, 234, 195, 225, 254, 171, 211, 243, 272, 212, 206, 209, 206, 56, 252, 242, 297, 198, 259, 232, 232, 197, 185, 255, 244, 223, 322, 274, 283, 204, 202, 50, 248, 274, 213, 221, 178, 171, 182, 179, 219, 177, 272, 262, 158, 162, 41, 203, 281, 170, 272, 260, 244, 203, 200, 203, 292, 270, 295, 251, 90, 179, 50, 210, 182, 49, 317, 273, 297, 311, 77, 265, 168, 180, 258, 79, 263, 218, 274, 225, 175, 262, 283, 323, 75, 235, 260, 179, 178, 203, 154, 183, 185, 269, 237, 188, 327, 234, 169, 268, 231, 165, 263, 206, 209, 198, 185, 171, 269, 179, 231, 149, 193, 269, 288, 303, 186, 307, 265, 272, 192, 306, 192, 43, 154, 335, 164, 60, 114, 56, 55, 138, 180, 114, 51, 196, 77, 86, 175, 177, 202, 126, 148, 182, 122, 159, 166, 196, 116, 41, 51, 78, 182, 165, 165, 164, 255, 157, 162, 243, 58, 129, 54, 64, 99, 188, 63, 147, 163, 236, 192, 160, 57, 267, 172, 84, 202, 41, 261, 266, 206, 195, 126, 201, 230, 162, 159, 150, 172, 41, 285, 210, 248]
[70, 49, 83, 88, 95]
[77, 56, 100, 74, 41, 71, 63, 51, 81, 41, 80, 58, 41, 79, 93, 87, 84, 72, 51, 49, 50, 67, 98, 50, 52, 80, 41, 55, 178, 57, 65, 69, 80, 47, 83, 48, 99, 54, 51, 60, 75, 79, 48, 59, 50, 74, 71, 84, 100, 114, 51, 83, 63, 50, 63, 83, 82, 90, 105, 44, 42, 90, 48, 90, 73, 41, 59, 42, 57, 167, 95, 51, 82, 83, 83, 61, 120, 84, 71, 105, 103, 86, 62, 50, 68, 100, 58, 73, 91, 51, 69, 101, 71, 95, 98, 52, 93, 41, 59, 58]
[82, 55, 41, 57, 51, 81, 49, 227, 57, 88, 115, 101, 41, 67, 58, 114, 54, 93, 105, 41, 82, 56, 104, 83, 41, 65, 123, 67, 85, 101, 100, 82, 55, 84, 49, 56, 47, 66, 104, 94, 77, 50, 113, 51, 51, 51, 48, 94, 60, 41, 72, 50, 74, 56, 97, 72, 165, 98, 85, 196, 67, 76, 50, 59, 56, 112, 121, 49, 85, 50, 109, 90, 89, 41, 62, 51, 85, 134, 87, 131, 101, 112, 123, 94, 149, 82, 90, 79, 135, 199, 173, 184, 65, 96, 85, 199, 69, 128, 134, 167, 164, 102, 157, 170, 81, 73, 163, 111, 179, 56, 98, 169, 69, 71, 171, 77, 226, 128, 63, 66, 180, 49, 182, 112, 167, 64, 153, 58, 158, 114, 150, 151, 179, 172, 86, 118, 197, 215, 201, 151, 109, 59, 160, 164, 141, 166, 166, 89, 176, 73, 149, 187, 151, 193, 102, 73, 57, 144, 155, 166, 55, 159, 69, 147, 130, 175, 174, 185, 51, 129, 49, 170, 92, 158, 161, 203, 180, 94, 71, 47, 189, 165, 192, 204, 181, 172, 211, 154, 41, 155, 216, 119, 181, 197, 158, 161, 163, 199, 128, 168]
[46, 119, 43, 90, 86, 83, 101, 93, 92, 60]
[129, 179, 41, 108, 147, 124, 41, 72, 67, 64, 87, 190, 162, 194, 68, 247, 137, 65, 73, 180, 152, 77, 69, 196, 263, 60, 216, 53, 180, 111, 179, 95, 199, 302, 192, 49, 41, 182, 63, 170, 189, 198, 174, 170, 62, 234, 258, 223, 149, 164]
